# Delta y cent40_80  cent20_40  cent0_20    # delymax=1.0
0.0	
0.059263  0.0014098    0.0043  
0.056086  0.0017697    0.0064  
0.044858  0.0018006    0.0106  
0.2244	
0.065962  0.00099248    0.004  
0.075196  0.0012482    0.0047  
0.079108  0.0012717    0.0051  
0.4488	
0.062285  0.00099048    0.004  
0.069691  0.0012444    0.0047  
0.066956  0.0012704    0.0051  
0.6732	
0.054465  0.00098563    0.004  
0.058901  0.00124    0.0047  
0.054707  0.0012682    0.0051  
0.8976	
0.04723  0.00098032    0.004  
0.046676  0.0012357    0.0047  
0.044177  0.0012672    0.0051  
1.122	
0.033075  0.00097836    0.004  
0.030149  0.0012328    0.0047  
0.028976  0.0012658    0.0051  
1.3464	
0.030284  0.00097491    0.004  
0.024343  0.0012304    0.0047  
0.020488  0.0012659    0.0051  
1.5708	
0.022331  0.00097536    0.004  
0.023155  0.0012301    0.0047  
0.017555  0.0012658    0.0051  
1.7952	
0.016738  0.00097663    0.004  
0.014773  0.0012317    0.0047  
0.0075215  0.0012665    0.0051  
2.0196	
0.012196  0.00098017    0.004  
0.011596  0.0012351    0.0047  
0.010159  0.0012674    0.0051  
2.244	
0.012166  0.00098448    0.004  
0.0082777  0.0012386    0.0047  
0.0023272  0.001268    0.0051  
2.4684	
0.012146  0.00098882    0.004  
0.003947  0.0012423    0.0047  
0.0028102  0.001269    0.0051  
2.6928	
0.012891  0.00099299    0.004  
0.0071714  0.001245    0.0047  
0.0055123  0.0012698    0.0051  
2.9172	
0.0070851  0.00099677    0.004  
0.0039831  0.0012472    0.0047  
0.0044071  0.0012701    0.0051  
3.1416	
0.0090675  0.0014065    0.004  
-0.00029518  0.0017651    0.0047  
3.852e-05  0.0017963    0.0051  