   0.30000    0.35000       4.51
   0.35000    0.40000       4.40
   0.40000    0.45000       4.32
   0.45000    0.50000       4.04
   0.50000    0.55000       4.20
   0.55000    0.60000       4.19
   0.60000    0.65000       4.00
   0.65000    0.70000       3.89
   0.70000    0.75000       3.80
   0.75000    0.80000       3.67
   0.80000    0.85000       3.57
   0.85000    0.90000       3.42
   0.90000    0.95000       3.29
   0.95000    1.00000       3.15
   1.00000    1.10000       2.93
   1.10000    1.20000       2.69
   1.20000    1.30000       2.41
   1.30000    1.40000       2.15
   1.40000    1.50000       1.88
   1.50000    1.60000       1.60
   1.60000    1.70000       1.37
   1.70000    1.80000       1.17
   1.80000    1.90000       1.00
   1.90000    2.00000       0.83
   2.00000    2.10000       0.69
   2.10000    2.20000       0.58
   2.20000    2.30000       0.46
   2.30000    2.40000       0.37
   2.40000    2.50000       0.31
   2.50000    2.60000       0.25
   2.60000    2.70000       0.21
   2.70000    2.80000       0.17
   2.80000    2.90000       0.13
   2.90000    3.00000       0.11
   3.00000    3.20000       0.08
   3.20000    3.40000       0.05
   3.40000    3.60000       0.03
   3.60000    3.80000       0.02
   3.80000    4.00000       0.01
   4.00000    4.20000       0.01
   4.20000    4.40000       0.01
