   0.10000    0.12000    1523.50
   0.12000    0.14000    1385.00
   0.14000    0.16000    1244.00
   0.16000    0.18000    1114.50
   0.18000    0.20000    1008.40
   0.20000    0.25000     803.50
   0.25000    0.30000     617.70
   0.30000    0.35000     482.40
   0.35000    0.40000     380.40
   0.40000    0.45000     303.00
   0.45000    0.50000     241.40
   0.50000    0.55000     194.05
   0.55000    0.60000     157.95
   0.60000    0.65000     129.80
   0.65000    0.70000     106.90
   0.70000    0.75000      88.01
   0.75000    0.80000      73.50
   0.80000    0.85000      61.11
   0.85000    0.90000      51.07
   0.90000    0.95000      43.12
   0.95000    1.00000      36.41
   1.00000    1.10000      28.06
   1.10000    1.20000      20.10
   1.20000    1.30000      14.75
   1.30000    1.40000      10.74
   1.40000    1.50000       7.73
   1.50000    1.60000       5.66
   1.60000    1.70000       4.17
   1.70000    1.80000       3.09
   1.80000    1.90000       2.29
   1.90000    2.00000       1.72
   2.00000    2.10000       1.29
   2.10000    2.20000       0.98
   2.20000    2.30000       0.74
   2.30000    2.40000       0.58
   2.40000    2.50000       0.44
   2.50000    2.60000       0.34
   2.60000    2.70000       0.26
   2.70000    2.80000       0.20
   2.80000    2.90000       0.16
