   0.20000    0.25000      45.55
   0.25000    0.30000      40.21
   0.30000    0.35000      39.62
   0.35000    0.40000      37.88
   0.40000    0.45000      35.25
   0.45000    0.50000      31.96
   0.50000    0.55000      28.54
   0.55000    0.60000      25.45
   0.60000    0.65000      23.30
   0.65000    0.70000      21.39
   0.70000    0.75000      19.67
   0.75000    0.80000      17.84
   0.80000    0.85000      15.78
   0.85000    0.90000      14.39
   0.90000    0.95000      12.64
   0.95000    1.00000      11.23
   1.00000    1.10000       9.19
   1.10000    1.20000       7.14
   1.20000    1.30000       5.62
   1.30000    1.40000       4.39
   1.40000    1.50000       3.34
   1.50000    1.60000       2.58
   1.60000    1.70000       1.98
   1.70000    1.80000       1.53
   1.80000    1.90000       1.18
   1.90000    2.00000       0.90
   2.00000    2.10000       0.70
   2.10000    2.20000       0.53
   2.20000    2.30000       0.44
   2.30000    2.40000       0.33
   2.40000    2.50000       0.25
   2.50000    2.60000       0.20
   2.60000    2.70000       0.16
   2.70000    2.80000       0.12
   2.80000    2.90000       0.09
