# Delta y cent70_90  cent30_40  cent0_5
-1.5708	
0.074541  0.0014576    0.0089  
0.060836  0.0021946    0.0086  
0.048267  0.0041639    0.011  
-1.3464	
0.085406  0.001458    0.0089  
0.078551  0.0021957    0.0086  
0.059486  0.0041634    0.011  
-1.122	
0.10633  0.0014597    0.0089  
0.11521  0.0022005    0.0086  
0.10477  0.0041639    0.011  
-0.8976	
0.1109  0.0014637    0.0089  
0.14993  0.0022085    0.0086  
0.1425  0.0041656    0.011  
-0.6732	
0.12452  0.0014672    0.0089  
0.19937  0.0022181    0.0086  
0.19488  0.0041685    0.011  
-0.4488	
0.12366  0.0014718    0.0089  
0.24903  0.0022275    0.0086  
0.26298  0.0041714    0.011  
-0.2244	
0.099143  0.0014767    0.0089  
0.25807  0.0022348    0.0086  
0.354  0.0041741    0.011  
0.0	
0.080162  0.0020925    0.0089  
0.17726  0.0031661    0.0131  
0.29418  0.0059069    0.0329  
0.2244	
0.099143  0.0014767    0.0089  
0.25807  0.0022348    0.0086  
0.354  0.0041741    0.011  
0.4488	
0.12366  0.0014718    0.0089  
0.24903  0.0022275    0.0086  
0.26298  0.0041714    0.011  
0.6732	
0.12452  0.0014672    0.0089  
0.19937  0.0022181    0.0086  
0.19488  0.0041685    0.011  
0.8976	
0.1109  0.0014637    0.0089  
0.14993  0.0022085    0.0086  
0.1425  0.0041656    0.011  
1.122	
0.10633  0.0014597    0.0089  
0.11521  0.0022005    0.0086  
0.10477  0.0041639    0.011  
1.3464	
0.085406  0.001458    0.0089  
0.078551  0.0021957    0.0086  
0.059486  0.0041634    0.011  
1.5708	
0.074541  0.0014576    0.0089  
0.060836  0.0021946    0.0086  
0.048267  0.0041639    0.011  
1.7952	
0.060866  0.0014579    0.0089  
0.049716  0.0021973    0.0086  
0.023313  0.004165    0.011  
2.0196	
0.054126  0.0014596    0.0089  
0.026824  0.0022029    0.0086  
0.016066  0.0041663    0.011  
2.244	
0.050278  0.0014612    0.0089  
0.015835  0.0022102    0.0086  
0.020587  0.0041674    0.011  
2.4684	
0.04911  0.0014658    0.0089  
0.021464  0.0022181    0.0086  
0.02312  0.0041683    0.011  
2.6928	
0.048655  0.0014675    0.0089  
0.020865  0.0022249    0.0086  
0.004907  0.0041689    0.011  
2.9172	
0.042349  0.0014699    0.0089  
0.01785  0.0022296    0.0086  
0.010985  0.0041692    0.011  
3.1416	
0.052418  0.0020794    0.0089  
0.012639  0.0031555    0.0086  
0.007106  0.0058966    0.011  
3.366	
0.042349  0.0014699    0.0089  
0.01785  0.0022296    0.0086  
0.010985  0.0041692    0.011  
3.5904	
0.048655  0.0014675    0.0089  
0.020865  0.0022249    0.0086  
0.004907  0.0041689    0.011  
3.8148	
0.04911  0.0014658    0.0089  
0.021464  0.0022181    0.0086  
0.02312  0.0041683    0.011  
4.0392	
0.050278  0.0014612    0.0089  
0.015835  0.0022102    0.0086  
0.020587  0.0041674    0.011  
4.2636	
0.054126  0.0014596    0.0089  
0.026824  0.0022029    0.0086  
0.016066  0.0041663    0.011  
4.488	
0.060866  0.0014579    0.0089  
0.049716  0.0021973    0.0086  
0.023313  0.004165    0.011  