# Delta y cent60_90  cent30_40  cent0_10
-1.1789	
0.048715  0.0052826    0.015  
0.047903  0.0080916    0.018  
0.046606  0.0088382    0.024  
-1.0316	
0.067121  0.0042965    0.015  
0.039368  0.0065958    0.018  
0.075666  0.0072108    0.024  
-0.88421	
0.0821  0.0037174    0.015  
0.089177  0.0057267    0.018  
0.084982  0.0062638    0.024  
-0.73684	
0.09076  0.0033466    0.015  
0.092952  0.0051588    0.018  
0.096451  0.0056437    0.024  
-0.58947	
0.093619  0.0030651    0.015  
0.11267  0.0047299    0.018  
0.093282  0.0051771    0.024  
-0.44211	
0.11076  0.0028342    0.015  
0.12593  0.004377    0.018  
0.11146  0.0047907    0.024  
-0.29474	
0.15345  0.0026493    0.015  
0.16352  0.0040865    0.018  
0.14671  0.0044729    0.024  
-0.14737	
0.17938  0.0024977    0.015  
0.19698  0.0038469    0.018  
0.166  0.0042107    0.024  
0.0	
0.1743  0.0033673    0.015  
0.18249  0.005161    0.0181  
0.14802  0.0056454    0.0254  
0.14737	
0.17938  0.0024977    0.015  
0.19698  0.0038469    0.018  
0.166  0.0042107    0.024  
0.29474	
0.15345  0.0026493    0.015  
0.16352  0.0040865    0.018  
0.14671  0.0044729    0.024  
0.44211	
0.11076  0.0028342    0.015  
0.12593  0.004377    0.018  
0.11146  0.0047907    0.024  
0.58947	
0.093619  0.0030651    0.015  
0.11267  0.0047299    0.018  
0.093282  0.0051771    0.024  
0.73684	
0.09076  0.0033466    0.015  
0.092952  0.0051588    0.018  
0.096451  0.0056437    0.024  
0.88421	
0.0821  0.0037174    0.015  
0.089177  0.0057267    0.018  
0.084982  0.0062638    0.024  
1.0316	
0.067121  0.0042965    0.015  
0.039368  0.0065958    0.018  
0.075666  0.0072108    0.024  
1.1789	
0.048715  0.0052826    0.015  
0.047903  0.0080916    0.018  
0.046606  0.0088382    0.024  
