# Delta y cent70_90  cent30_40  cent0_5
-1.4452	
0.068713  0.0056372    0.0094  
0.041675  0.008527    0.013  
0.052523  0.016051    0.016  
-1.3419	
0.081741  0.0046004    0.0094  
0.070728  0.0069624    0.013  
0.060673  0.013105    0.016  
-1.2387	
0.10239  0.0039827    0.0094  
0.085474  0.0060299    0.013  
0.075259  0.01135    0.016  
-1.1355	
0.11443  0.0035632    0.0094  
0.11501  0.0053935    0.013  
0.082785  0.010151    0.016  
-1.0323	
0.13397  0.0032554    0.0094  
0.11846  0.0049282    0.013  
0.12041  0.0092734    0.016  
-0.92903	
0.14475  0.0030194    0.0094  
0.15513  0.0045674    0.013  
0.13463  0.0085925    0.016  
-0.82581	
0.17104  0.0028335    0.0094  
0.17718  0.0042861    0.013  
0.16157  0.0080599    0.016  
-0.72258	
0.18068  0.0026788    0.0094  
0.2108  0.0040511    0.013  
0.20504  0.007615    0.016  
-0.61935	
0.20264  0.0025446    0.0094  
0.24835  0.0038436    0.013  
0.22426  0.0072244    0.016  
-0.51613	
0.21718  0.0024271    0.0094  
0.28268  0.003664    0.013  
0.26904  0.0068868    0.016  
-0.4129	
0.22587  0.0023252    0.0094  
0.31178  0.0035061    0.013  
0.30653  0.0065902    0.016  
-0.30968	
0.22737  0.0022363    0.0094  
0.34505  0.003367    0.013  
0.36672  0.006329    0.016  
-0.20645	
0.21218  0.0021574    0.0094  
0.3464  0.0032437    0.013  
0.41732  0.0060965    0.016  
-0.10323	
0.20712  0.0020875    0.0094  
0.33005  0.003134    0.013  
0.48551  0.0058887    0.016  
0.0	
0.18577  0.0028623    0.0096  
0.22895  0.0042946    0.0285  
0.23404  0.0080685    0.0807  
0.10323	
0.20712  0.0020875    0.0094  
0.33005  0.003134    0.013  
0.48551  0.0058887    0.016  
0.20645	
0.21218  0.0021574    0.0094  
0.3464  0.0032437    0.013  
0.41732  0.0060965    0.016  
0.30968	
0.22737  0.0022363    0.0094  
0.34505  0.003367    0.013  
0.36672  0.006329    0.016  
0.4129	
0.22587  0.0023252    0.0094  
0.31178  0.0035061    0.013  
0.30653  0.0065902    0.016  
0.51613	
0.21718  0.0024271    0.0094  
0.28268  0.003664    0.013  
0.26904  0.0068868    0.016  
0.61935	
0.20264  0.0025446    0.0094  
0.24835  0.0038436    0.013  
0.22426  0.0072244    0.016  
0.72258	
0.18068  0.0026788    0.0094  
0.2108  0.0040511    0.013  
0.20504  0.007615    0.016  
0.82581	
0.17104  0.0028335    0.0094  
0.17718  0.0042861    0.013  
0.16157  0.0080599    0.016  
0.92903	
0.14475  0.0030194    0.0094  
0.15513  0.0045674    0.013  
0.13463  0.0085925    0.016  
1.0323	
0.13397  0.0032554    0.0094  
0.11846  0.0049282    0.013  
0.12041  0.0092734    0.016  
1.1355	
0.11443  0.0035632    0.0094  
0.11501  0.0053935    0.013  
0.082785  0.010151    0.016  
1.2387	
0.10239  0.0039827    0.0094  
0.085474  0.0060299    0.013  
0.075259  0.01135    0.016  
1.3419	
0.081741  0.0046004    0.0094  
0.070728  0.0069624    0.013  
0.060673  0.013105    0.016  
1.4452	
0.068713  0.0056372    0.0094  
0.041675  0.008527    0.013  
0.052523  0.016051    0.016  
