# Delta y cent40_80  cent20_40  cent0_20
-1.0105	
0.063712  0.0034157    0.0098  
0.051702  0.004276    0.0088  
0.048412  0.0043667    0.011  
-0.88421	
0.077662  0.0027883    0.0098  
0.068712  0.0034899    0.0088  
0.055724  0.003563    0.011  
-0.75789	
0.067228  0.002428    0.0098  
0.081203  0.0030441    0.0088  
0.073467  0.0031109    0.011  
-0.63158	
0.079502  0.0022054    0.0098  
0.076591  0.0027802    0.0088  
0.084943  0.0028471    0.011  
-0.50526	
0.094847  0.0020317    0.0098  
0.099296  0.0025714    0.0088  
0.087732  0.0026372    0.011  
-0.37895	
0.10215  0.0018767    0.0098  
0.10333  0.0023758    0.0088  
0.10154  0.0024361    0.011  
-0.25263	
0.1108  0.0017466    0.0098  
0.1015  0.0022114    0.0088  
0.089393  0.0022673    0.011  
-0.12632	
0.1061  0.001641    0.0098  
0.098407  0.0020776    0.0088  
0.083391  0.0021304    0.011  
0.0	
0.098995  0.0022019    0.0099  
0.080167  0.0027845    0.0124  
0.055291  0.0028536    0.0166  
0.12632	
0.1061  0.001641    0.0098  
0.098407  0.0020776    0.0088  
0.083391  0.0021304    0.011  
0.25263	
0.1108  0.0017466    0.0098  
0.1015  0.0022114    0.0088  
0.089393  0.0022673    0.011  
0.37895	
0.10215  0.0018767    0.0098  
0.10333  0.0023758    0.0088  
0.10154  0.0024361    0.011  
0.50526	
0.094847  0.0020317    0.0098  
0.099296  0.0025714    0.0088  
0.087732  0.0026372    0.011  
0.63158	
0.079502  0.0022054    0.0098  
0.076591  0.0027802    0.0088  
0.084943  0.0028471    0.011  
0.75789	
0.067228  0.002428    0.0098  
0.081203  0.0030441    0.0088  
0.073467  0.0031109    0.011  
0.88421	
0.077662  0.0027883    0.0098  
0.068712  0.0034899    0.0088  
0.055724  0.003563    0.011  
1.0105	
0.063712  0.0034157    0.0098  
0.051702  0.004276    0.0088  
0.048412  0.0043667    0.011  
