# Delta y cent60_90  cent30_40  cent0_10
-1.5708	
0.033215  0.0017467    0.0077  
0.034841  0.0026843    0.011  
0.028068  0.0029556    0.0095  
-1.3464	
0.037659  0.0017464    0.0077  
0.032542  0.0026844    0.011  
0.034263  0.0029556    0.0095  
-1.122	
0.041795  0.0017488    0.0077  
0.050477  0.0026891    0.011  
0.043892  0.002956    0.0095  
-0.8976	
0.047734  0.0017517    0.0077  
0.059138  0.0026972    0.011  
0.060987  0.0029576    0.0095  
-0.6732	
0.072065  0.0017587    0.0077  
0.067902  0.0027089    0.011  
0.070444  0.0029598    0.0095  
-0.4488	
0.074468  0.0017735    0.0077  
0.088098  0.0027197    0.011  
0.091302  0.0029624    0.0095  
-0.2244	
0.09379  0.001779    0.0077  
0.1258  0.002727    0.011  
0.12874  0.0029641    0.0095  
0.0
0.10402  0.0025154    0.0077  
0.12527  0.0038629    0.0111  
0.135  0.0041936    0.011  
0.2244	
0.09379  0.001779    0.0077  
0.1258  0.002727    0.011  
0.12874  0.0029641    0.0095  
0.4488	
0.074468  0.0017735    0.0077  
0.088098  0.0027197    0.011  
0.091302  0.0029624    0.0095  
0.6732	
0.072065  0.0017587    0.0077  
0.067902  0.0027089    0.011  
0.070444  0.0029598    0.0095  
0.8976	
0.047734  0.0017517    0.0077  
0.059138  0.0026972    0.011  
0.060987  0.0029576    0.0095  
1.122	
0.041795  0.0017488    0.0077  
0.050477  0.0026891    0.011  
0.043892  0.002956    0.0095  
1.3464	
0.037659  0.0017464    0.0077  
0.032542  0.0026844    0.011  
0.034263  0.0029556    0.0095  
1.5708	
0.033215  0.0017467    0.0077  
0.034841  0.0026843    0.011  
0.028068  0.0029556    0.0095  
1.7952	
0.019559  0.0017501    0.0077  
0.015782  0.0026874    0.011  
0.011404  0.0029567    0.0095  
2.0196	
0.027928  0.0017493    0.0077  
0.023151  0.0026935    0.011  
0.01032  0.0029578    0.0095  
2.244	
0.029718  0.0017571    0.0077  
0.012722  0.002702    0.011  
0.021747  0.0029589    0.0095  
2.4684	
0.02279  0.0017587    0.0077  
0.02348  0.0027098    0.011  
0.00682  0.0029599    0.0095  
2.6928	
0.021563  0.0017625    0.0077  
0.020641  0.0027155    0.011  
0.0039302  0.0029606    0.0095  
2.9172	
0.014632  0.0017674    0.0077  
0.010812  0.0027215    0.011  
0.0034544  0.0029609    0.0095  
3.1416	
0.021385  0.0025055    0.0077  
0.0045348  0.0038499    0.011  
0.010019  0.0041876    0.0095  
3.366	
0.014632  0.0017674    0.0077  
0.010812  0.0027215    0.011  
0.0034544  0.0029609    0.0095  
3.5904	
0.021563  0.0017625    0.0077  
0.020641  0.0027155    0.011  
0.0039302  0.0029606    0.0095  
3.8148	
0.02279  0.0017587    0.0077  
0.02348  0.0027098    0.011  
0.00682  0.0029599    0.0095  
4.0392	
0.029718  0.0017571    0.0077  
0.012722  0.002702    0.011  
0.021747  0.0029589    0.0095  
4.2636	
0.027928  0.0017493    0.0077  
0.023151  0.0026935    0.011  
0.01032  0.0029578    0.0095  
4.488	
0.019559  0.0017501    0.0077  
0.015782  0.0026874    0.011  
0.011404  0.0029567    0.0095  