0.2  0.25	
44.61  0.82   5.99    0.5  
46.48  0.92   6.17    0.5  
0.25  0.3	
39.27  0.45   4.28    0.5  
41.15  0.51   3.7    0.5  
0.3  0.35	
38.91  0.4   3.17    0.5  
40.34  0.43   3.03    0.5  
0.35  0.4	
37.71  0.36   3.06    0.5  
38.04  0.38   2.8    0.5  
0.4  0.45	
34.74  0.61   2.84    0.5  
35.75  0.71   3.17    0.5  
0.45  0.5	
31.95  0.33   4.29    0.5  
31.98  0.38   3.87    0.5  
0.5  0.55	
28.35  0.46   1.65    0.5  
28.73  0.51   1.75    0.5  
0.55  0.6	
25.3  0.36   1.73    0.5  
25.61  0.41   1.72    0.5  
0.6  0.65	
23.35  0.33   1.44    0.5  
23.25  0.37   1.48    0.5  
0.65  0.7	
21.75  0.31   1.33    0.5  
21.04  0.34   1.39    0.5  
0.7  0.75	
19.71  0.29   1.2    0.5  
19.63  0.33   1.34    0.5  
0.75  0.8	
18.09  0.27   1.04    0.5  
17.59  0.31   1.14    0.5  
0.8  0.85	
15.92  0.24   0.96    0.5  
15.64  0.27   1.0    0.5  
0.85  0.9	
14.46  0.24   0.84    0.5  
14.32  0.27   0.87    0.5  
0.9  0.95	
12.68  0.22   0.73    0.5  
12.6  0.25   0.75    0.5  
0.95  1.0	
11.19  0.2   0.63    0.5  
11.27  0.23   0.7    0.5  
1.0  1.1	
9.233  0.127   0.54    0.5  
9.151  0.143   0.566    0.5  
1.1  1.2	
7.272  0.11   0.434    0.5  
7.013  0.119   0.421    0.5  
1.2  1.3	
5.668  0.061   0.469    0.5  
5.565  0.066   0.502    0.5  
1.3  1.4	
4.443  0.053   0.374    0.5  
4.328  0.056   0.396    0.5  
1.4  1.5	
3.415  0.044   0.293    0.5  
3.262  0.045   0.304    0.5  
1.5  1.6	
2.634  0.036   0.232    0.5  
2.525  0.038   0.242    0.5  
1.6  1.7	
2.035  0.031   0.185    0.5  
1.932  0.031   0.191    0.5  
1.7  1.8	
1.57  0.025   0.148    0.5  
1.484  0.026   0.152    0.5  
1.8  1.9	
1.198  0.021   0.118    0.5  
1.165  0.022   0.125    0.5  
1.9  2.0	
0.8994  0.0163   0.0922    0.5  
0.8959  0.0185   0.1003    0.5  
2.0  2.1	
0.7075  0.0141   0.076    0.5  
0.7024  0.0159   0.0827    0.5
2.1  2.2	
0.5347  0.0112   0.0603    0.5  
0.5277  0.0127   0.0655    0.5  
2.2  2.3	
0.4492  0.0105   0.0534    0.5  
0.4235  0.0112   0.0556    0.5  
2.3  2.4	
0.3302  0.008   0.0414    0.5  
0.3372  0.0098   0.0469    0.5  
2.4  2.5	
0.2613  0.0067   0.0346    0.5  
0.2372  0.0068   0.035    0.5  
2.5  2.6	
0.2088  0.0059   0.0292    0.5  
0.195  0.0062   0.0306    0.5  
2.6  2.7	
0.1632  0.005   0.0242    0.5  
0.1553  0.0055   0.0259    0.5  
2.7  2.8	
0.1186  0.0036   0.0186    0.5  
0.1313  0.0051   0.0233    0.5  
2.8  2.9	
0.09641  0.00321   0.01603    0.5  
0.09329  0.00366   0.01763    0.5  
2.9  3.0	
0.0763  0.0027   0.01344    0.5  
0.07665  0.00331   0.01541    0.5  