#fugacity  Th    sh  chifactor_uu  chifactor_ud  chifactor_us chifactor_ss
  0.0000  1.00000000e+00  5.00000000e-01  0.00000000e+00  0.00000000e+00  0.00000000e+00  0.00000000e+00  0.00000000e+00 -0.00000000e+00 -0.00000000e+00  0.00000000e+00
  0.0100  7.43229021e-01  6.01428858e-01  5.81506827e-02 -2.57461265e-02 -2.31668460e-02  5.04285194e-02  1.93396234e-01  4.37757312e-01  9.79978270e-01  4.02757813e-01
  0.0200  5.60461852e-01  7.81725618e-01  7.36488504e-02 -2.86775219e-02 -2.57918353e-02  6.00888232e-02  2.44939692e-01  4.87599363e-01  1.09101766e+00  4.79911830e-01
  0.0300  4.79975812e-01  9.02728468e-01  8.44748050e-02 -2.95024647e-02 -2.66464185e-02  6.58542228e-02  2.80944409e-01  5.01625734e-01  1.12716729e+00  5.25958388e-01
  0.0400  4.31894754e-01  9.95873520e-01  9.32066823e-02 -2.95986344e-02 -2.68902375e-02  7.00577577e-02  3.09984690e-01  5.03260894e-01  1.13748105e+00  5.59530790e-01
  0.0500  3.98911500e-01  1.07248318e+00  1.00698504e-01 -2.93798064e-02 -2.68616593e-02  7.34188803e-02  3.34900822e-01  4.99540195e-01  1.13627217e+00  5.86375092e-01
  0.0600  3.74403634e-01  1.13803134e+00  1.07347359e-01 -2.90155877e-02 -2.66973757e-02  7.62499204e-02  3.57013437e-01  4.93347442e-01  1.12932283e+00  6.08985780e-01
  0.0700  3.55218387e-01  1.19561124e+00  1.13374244e-01 -2.85873846e-02 -2.64627283e-02  7.87138482e-02  3.77057515e-01  4.86066774e-01  1.11939703e+00  6.28664449e-01
  0.0800  3.39637695e-01  1.24715270e+00  1.18916872e-01 -2.81380621e-02 -2.61923155e-02  8.09063487e-02  3.95491062e-01  4.78427014e-01  1.10795833e+00  6.46175309e-01
  0.0900  3.26634390e-01  1.29394574e+00  1.24067988e-01 -2.76914879e-02 -2.59057133e-02  8.28884583e-02  4.12622529e-01  4.70833984e-01  1.09583480e+00  6.62005838e-01
  0.1000  3.15551264e-01  1.33689789e+00  1.28893680e-01 -2.72613601e-02 -2.56144865e-02  8.47015890e-02  4.28671706e-01  4.63520589e-01  1.08351565e+00  6.76486781e-01
  0.1100  3.05945415e-01  1.37667324e+00  1.33443091e-01 -2.68556010e-02 -2.53256478e-02  8.63752119e-02  4.43802035e-01  4.56621530e-01  1.07129751e+00  6.89853517e-01
  0.1200  2.97505856e-01  1.41377327e+00  1.37754003e-01 -2.64787081e-02 -2.50434963e-02  8.79311143e-02  4.58139168e-01  4.50213281e-01  1.05936225e+00  7.02280054e-01
  0.1300  2.90006831e-01  1.44858647e+00  1.41856244e-01 -2.61330846e-02 -2.47706540e-02  8.93859097e-02  4.71782310e-01  4.44336698e-01  1.04782078e+00  7.13899078e-01
  0.1400  2.83279876e-01  1.48142028e+00  1.45773881e-01 -2.58198239e-02 -2.45086775e-02  9.07525964e-02  4.84811499e-01  4.39010377e-01  1.03673894e+00  7.24814405e-01
  0.1500  2.77196328e-01  1.51252242e+00  1.49526685e-01 -2.55391913e-02 -2.42584327e-02  9.20415669e-02  4.97292489e-01  4.34238825e-01  1.02615336e+00  7.35109035e-01
  0.1600  2.71655955e-01  1.54209562e+00  1.53131143e-01 -2.52909249e-02 -2.40203314e-02  9.32612844e-02  5.09280115e-01  4.30017591e-01  1.01608146e+00  7.44850561e-01
  0.1700  2.66579327e-01  1.57030797e+00  1.56601186e-01 -2.50744305e-02 -2.37944843e-02  9.44187513e-02  5.20820707e-01  4.26336570e-01  1.00652793e+00  7.54094910e-01
  0.1800  2.61902553e-01  1.59730052e+00  1.59948716e-01 -2.48889078e-02 -2.35808027e-02  9.55198414e-02  5.31953846e-01  4.23182158e-01  9.97489009e-01  7.62888994e-01
  0.1900  2.57573563e-01  1.62319284e+00  1.63183998e-01 -2.47334349e-02 -2.33790658e-02  9.65695415e-02  5.42713675e-01  4.20538677e-01  9.88955359e-01  7.71272641e-01
  0.2000  2.53549421e-01  1.64808722e+00  1.66315965e-01 -2.46070239e-02 -2.31889676e-02  9.75721305e-02  5.53129899e-01  4.18389331e-01  9.80914036e-01  7.79280026e-01
  0.2100  2.49794357e-01  1.67207192e+00  1.69352445e-01 -2.45086586e-02 -2.30101484e-02  9.85313145e-02  5.63228557e-01  4.16716841e-01  9.73349824e-01  7.86940747e-01
  0.2200  2.46278286e-01  1.69522360e+00  1.72300349e-01 -2.44373194e-02 -2.28422169e-02  9.94503302e-02  5.73032630e-01  4.15503871e-01  9.66246168e-01  7.94280657e-01
  0.2300  2.42975695e-01  1.71760935e+00  1.75165811e-01 -2.43920001e-02 -2.26847653e-02  1.00332026e-01  5.82562520e-01  4.14733315e-01  9.59585824e-01  8.01322505e-01
  0.2400  2.39864779e-01  1.73928820e+00  1.77954308e-01 -2.43717188e-02 -2.25373802e-02  1.01178926e-01  5.91836441e-01  4.14388475e-01  9.53351307e-01  8.08086443e-01
  0.2500  2.36926774e-01  1.76031242e+00  1.80670753e-01 -2.43755245e-02 -2.23996501e-02  1.01993278e-01  6.00870733e-01  4.14453182e-01  9.47525199e-01  8.14590436e-01
  0.2600  2.34145426e-01  1.78072848e+00  1.83319574e-01 -2.44025012e-02 -2.22711698e-02  1.02777099e-01  6.09680121e-01  4.14911864e-01  9.42090366e-01  8.20850584e-01
  0.2700  2.31506576e-01  1.80057792e+00  1.85904776e-01 -2.44517706e-02 -2.21515442e-02  1.03532204e-01  6.18277928e-01  4.15749583e-01  9.37030099e-01  8.26881390e-01
  0.2800  2.28997820e-01  1.81989803e+00  1.88429999e-01 -2.45224921e-02 -2.20403907e-02  1.04260237e-01  6.26676258e-01  4.16952050e-01  9.32328207e-01  8.32695978e-01
  0.2900  2.26608239e-01  1.83872241e+00  1.90898560e-01 -2.46138636e-02 -2.19373402e-02  1.04962692e-01  6.34886141e-01  4.18505625e-01  9.27969076e-01  8.38306273e-01
  0.3000  2.24328174e-01  1.85708146e+00  1.93313491e-01 -2.47251202e-02 -2.18420378e-02  1.05640929e-01  6.42917667e-01  4.20397303e-01  9.23937699e-01  8.43723158e-01
  0.3100  2.22149048e-01  1.87500276e+00  1.95677576e-01 -2.48555335e-02 -2.17541434e-02  1.06296197e-01  6.50780088e-01  4.22614699e-01  9.20219691e-01  8.48956592e-01
  0.3200  2.20063210e-01  1.89251145e+00  1.97993373e-01 -2.50044100e-02 -2.16733319e-02  1.06929642e-01  6.58481914e-01  4.25146024e-01  9.16801291e-01  8.54015726e-01
  0.3300  2.18063809e-01  1.90963046e+00  2.00263242e-01 -2.51710900e-02 -2.15992923e-02  1.07542318e-01  6.66030993e-01  4.27980057e-01  9.13669351e-01  8.58908990e-01
  0.3400  2.16144692e-01  1.92638081e+00  2.02489365e-01 -2.53549456e-02 -2.15317281e-02  1.08135201e-01  6.73434582e-01  4.31106125e-01  9.10811325e-01  8.63644174e-01
  0.3500  2.14300313e-01  1.94278182e+00  2.04673763e-01 -2.55553795e-02 -2.14703564e-02  1.08709195e-01  6.80699402e-01  4.34514071e-01  9.08215247e-01  8.68228495e-01
  0.3600  2.12525657e-01  1.95885124e+00  2.06818312e-01 -2.57718232e-02 -2.14149076e-02  1.09265138e-01  6.87831697e-01  4.38194228e-01  9.05869713e-01  8.72668655e-01
  0.3700  2.10816175e-01  1.97460550e+00  2.08924760e-01 -2.60037353e-02 -2.13651248e-02  1.09803813e-01  6.94837275e-01  4.42137393e-01  9.03763854e-01  8.76970893e-01
  0.3800  2.09167731e-01  1.99005974e+00  2.10994735e-01 -2.62506005e-02 -2.13207632e-02  1.10325948e-01  7.01721551e-01  4.46334803e-01  9.01887318e-01  8.81141028e-01
  0.3900  2.07576556e-01  2.00522805e+00  2.13029758e-01 -2.65119278e-02 -2.12815896e-02  1.10832223e-01  7.08489583e-01  4.50778110e-01  9.00230241e-01  8.85184502e-01
  0.4000  2.06039202e-01  2.02012347e+00  2.15031251e-01 -2.67872491e-02 -2.12473819e-02  1.11323277e-01  7.15146103e-01  4.55459354e-01  8.98783225e-01  8.89106408e-01
  0.4100  2.04552513e-01  2.03475817e+00  2.17000547e-01 -2.70761180e-02 -2.12179284e-02  1.11799709e-01  7.21695545e-01  4.60370946e-01  8.97537316e-01  8.92911527e-01
  0.4200  2.03113588e-01  2.04914347e+00  2.18938899e-01 -2.73781087e-02 -2.11930274e-02  1.12262080e-01  7.28142072e-01  4.65505646e-01  8.96483981e-01  8.96604353e-01
  0.4300  2.01719761e-01  2.06328996e+00  2.20847482e-01 -2.76928147e-02 -2.11724865e-02  1.12710921e-01  7.34489594e-01  4.70856542e-01  8.95615085e-01  9.00189113e-01
  0.4400  2.00368571e-01  2.07720752e+00  2.22727403e-01 -2.80198475e-02 -2.11561225e-02  1.13146730e-01  7.40741795e-01  4.76417029e-01  8.94922871e-01  9.03669794e-01
  0.4500  1.99057747e-01  2.09090543e+00  2.24579707e-01 -2.83588361e-02 -2.11437603e-02  1.13569979e-01  7.46902146e-01  4.82180798e-01  8.94399940e-01  9.07050160e-01
  0.4600  1.97785186e-01  2.10439239e+00  2.26405379e-01 -2.87094254e-02 -2.11352332e-02  1.13981114e-01  7.52973922e-01  4.88141814e-01  8.94039234e-01  9.10333768e-01
  0.4700  1.96548937e-01  2.11767656e+00  2.28205348e-01 -2.90712760e-02 -2.11303818e-02  1.14380555e-01  7.58960219e-01  4.94294302e-01  8.93834015e-01  9.13523988e-01
  0.4800  1.95347192e-01  2.13076564e+00  2.29980495e-01 -2.94440626e-02 -2.11290540e-02  1.14768702e-01  7.64863965e-01  5.00632734e-01  8.93777851e-01  9.16624009e-01
  0.4900  1.94178265e-01  2.14366686e+00  2.31731655e-01 -2.98274739e-02 -2.11311047e-02  1.15145936e-01  7.70687934e-01  5.07151814e-01  8.93864596e-01  9.19636862e-01
  0.5000  1.93040588e-01  2.15638706e+00  2.33459619e-01 -3.02212111e-02 -2.11363950e-02  1.15512615e-01  7.76434756e-01  5.13846466e-01  8.94088379e-01  9.22565422e-01
  0.5100  1.91932697e-01  2.16893269e+00  2.35165136e-01 -3.06249881e-02 -2.11447922e-02  1.15869083e-01  7.82106926e-01  5.20711822e-01  8.94443589e-01  9.25412424e-01
  0.5200  1.90853225e-01  2.18130984e+00  2.36848920e-01 -3.10385301e-02 -2.11561695e-02  1.16215665e-01  7.87706817e-01  5.27743211e-01  8.94924859e-01  9.28180474e-01
  0.5300  1.89800893e-01  2.19352428e+00  2.38511649e-01 -3.14615732e-02 -2.11704055e-02  1.16552672e-01  7.93236683e-01  5.34936146e-01  8.95527055e-01  9.30872050e-01
  0.5400  1.88774502e-01  2.20558150e+00  2.40153968e-01 -3.18938641e-02 -2.11873841e-02  1.16880400e-01  7.98698672e-01  5.42286320e-01  8.96245264e-01  9.33489520e-01
  0.5500  1.87772929e-01  2.21748666e+00  2.41776493e-01 -3.23351592e-02 -2.12069940e-02  1.17199132e-01  8.04094828e-01  5.49789591e-01  8.97074783e-01  9.36035140e-01
  0.5600  1.86795117e-01  2.22924470e+00  2.43379809e-01 -3.27852242e-02 -2.12291289e-02  1.17509139e-01  8.09427102e-01  5.57441975e-01  8.98011108e-01  9.38511069e-01
  0.5700  1.85840075e-01  2.24086029e+00  2.44964477e-01 -3.32438337e-02 -2.12536867e-02  1.17810677e-01  8.14697355e-01  5.65239640e-01  8.99049922e-01  9.40919369e-01
  0.5800  1.84906868e-01  2.25233789e+00  2.46531031e-01 -3.37107708e-02 -2.12805695e-02  1.18103995e-01  8.19907366e-01  5.73178897e-01  9.00187091e-01  9.43262012e-01
  0.5900  1.83994616e-01  2.26368173e+00  2.48079982e-01 -3.41858264e-02 -2.13096837e-02  1.18389328e-01  8.25058833e-01  5.81256193e-01  9.01418648e-01  9.45540889e-01
  0.6000  1.83102490e-01  2.27489585e+00  2.49611819e-01 -3.46687992e-02 -2.13409394e-02  1.18666905e-01  8.30153382e-01  5.89468102e-01  9.02740790e-01  9.47757810e-01
  0.6100  1.82229705e-01  2.28598409e+00  2.51127010e-01 -3.51594948e-02 -2.13742502e-02  1.18936941e-01  8.35192569e-01  5.97811322e-01  9.04149867e-01  9.49914511e-01
  0.6200  1.81375521e-01  2.29695013e+00  2.52626002e-01 -3.56577260e-02 -2.14095334e-02  1.19199646e-01  8.40177884e-01  6.06282669e-01  9.05642377e-01  9.52012659e-01
  0.6300  1.80539237e-01  2.30779748e+00  2.54109226e-01 -3.61633121e-02 -2.14467094e-02  1.19455220e-01  8.45110757e-01  6.14879068e-01  9.07214957e-01  9.54053852e-01
  0.6400  1.79720189e-01  2.31852950e+00  2.55577094e-01 -3.66760783e-02 -2.14857020e-02  1.19703855e-01  8.49992558e-01  6.23597551e-01  9.08864377e-01  9.56039629e-01
  0.6500  1.78917749e-01  2.32914938e+00  2.57030001e-01 -3.71958562e-02 -2.15264377e-02  1.19945737e-01  8.54824602e-01  6.32435252e-01  9.10587534e-01  9.57971465e-01
  0.6600  1.78131321e-01  2.33966020e+00  2.58468326e-01 -3.77224827e-02 -2.15688461e-02  1.20181042e-01  8.59608154e-01  6.41389399e-01  9.12381446e-01  9.59850783e-01
  0.6700  1.77360337e-01  2.35006490e+00  2.59892436e-01 -3.82558003e-02 -2.16128593e-02  1.20409944e-01  8.64344427e-01  6.50457313e-01  9.14243246e-01  9.61678950e-01
  0.6800  1.76604261e-01  2.36036629e+00  2.61302681e-01 -3.87956565e-02 -2.16584122e-02  1.20632605e-01  8.69034588e-01  6.59636404e-01  9.16170176e-01  9.63457283e-01
  0.6900  1.75862581e-01  2.37056709e+00  2.62699399e-01 -3.93419040e-02 -2.17054422e-02  1.20849186e-01  8.73679761e-01  6.68924163e-01  9.18159583e-01  9.65187052e-01
  0.7000  1.75134810e-01  2.38066987e+00  2.64082916e-01 -3.98944000e-02 -2.17538887e-02  1.21059839e-01  8.78281028e-01  6.78318164e-01  9.20208917e-01  9.66869478e-01
  0.7100  1.74420486e-01  2.39067714e+00  2.65453543e-01 -4.04530060e-02 -2.18036939e-02  1.21264713e-01  8.82839430e-01  6.87816055e-01  9.22315719e-01  9.68505742e-01
  0.7200  1.73719165e-01  2.40059128e+00  2.66811583e-01 -4.10175883e-02 -2.18548017e-02  1.21463949e-01  8.87355970e-01  6.97415558e-01  9.24477625e-01  9.70096982e-01
  0.7300  1.73030428e-01  2.41041460e+00  2.68157327e-01 -4.15880170e-02 -2.19071583e-02  1.21657685e-01  8.91831616e-01  7.07114466e-01  9.26692358e-01  9.71644298e-01
  0.7400  1.72353873e-01  2.42014930e+00  2.69491056e-01 -4.21641661e-02 -2.19607119e-02  1.21846055e-01  8.96267301e-01  7.16910638e-01  9.28957721e-01  9.73148748e-01
  0.7500  1.71689117e-01  2.42979751e+00  2.70813040e-01 -4.27459135e-02 -2.20154124e-02  1.22029185e-01  9.00663926e-01  7.26801998e-01  9.31271602e-01  9.74611360e-01
  0.7600  1.71035792e-01  2.43936128e+00  2.72123541e-01 -4.33331408e-02 -2.20712117e-02  1.22207202e-01  9.05022361e-01  7.36786530e-01  9.33631963e-01  9.76033124e-01
  0.7700  1.70393549e-01  2.44884260e+00  2.73422812e-01 -4.39257328e-02 -2.21280634e-02  1.22380224e-01  9.09343445e-01  7.46862278e-01  9.36036838e-01  9.77414999e-01
  0.7800  1.69762052e-01  2.45824335e+00  2.74711096e-01 -4.45235779e-02 -2.21859225e-02  1.22548367e-01  9.13627991e-01  7.57027344e-01  9.38484332e-01  9.78757910e-01
  0.7900  1.69140980e-01  2.46756538e+00  2.75988629e-01 -4.51265676e-02 -2.22447461e-02  1.22711744e-01  9.17876784e-01  7.67279882e-01  9.40972620e-01  9.80062755e-01
  0.8000  1.68530028e-01  2.47681045e+00  2.77255641e-01 -4.57345964e-02 -2.23044922e-02  1.22870464e-01  9.22090581e-01  7.77618099e-01  9.43499937e-01  9.81330403e-01
  0.8100  1.67928899e-01  2.48598027e+00  2.78512350e-01 -4.63475618e-02 -2.23651209e-02  1.23024631e-01  9.26270119e-01  7.88040253e-01  9.46064582e-01  9.82561694e-01
  0.8200  1.67337312e-01  2.49507650e+00  2.79758973e-01 -4.69653642e-02 -2.24265931e-02  1.23174349e-01  9.30416108e-01  7.98544649e-01  9.48664914e-01  9.83757444e-01
  0.8300  1.66754997e-01  2.50410072e+00  2.80995715e-01 -4.75879066e-02 -2.24888715e-02  1.23319715e-01  9.34529235e-01  8.09129638e-01  9.51299346e-01  9.84918441e-01
  0.8400  1.66181693e-01  2.51305448e+00  2.82222776e-01 -4.82150946e-02 -2.25519199e-02  1.23460826e-01  9.38610170e-01  8.19793617e-01  9.53966349e-01  9.86045451e-01
  0.8500  1.65617151e-01  2.52193927e+00  2.83440352e-01 -4.88468365e-02 -2.26157033e-02  1.23597774e-01  9.42659556e-01  8.30535024e-01  9.56664443e-01  9.87139217e-01
  0.8600  1.65061132e-01  2.53075651e+00  2.84648631e-01 -4.94830428e-02 -2.26801880e-02  1.23730650e-01  9.46678022e-01  8.41352340e-01  9.59392201e-01  9.88200459e-01
  0.8700  1.64513404e-01  2.53950762e+00  2.85847795e-01 -5.01236265e-02 -2.27453412e-02  1.23859541e-01  9.50666175e-01  8.52244083e-01  9.62148243e-01  9.89229875e-01
  0.8800  1.63973747e-01  2.54819393e+00  2.87038021e-01 -5.07685028e-02 -2.28111316e-02  1.23984532e-01  9.54624604e-01  8.63208812e-01  9.64931235e-01  9.90228144e-01
  0.8900  1.63441947e-01  2.55681676e+00  2.88219483e-01 -5.14175890e-02 -2.28775287e-02  1.24105706e-01  9.58553881e-01  8.74245122e-01  9.67739889e-01  9.91195924e-01
  0.9000  1.62917800e-01  2.56537736e+00  2.89392345e-01 -5.20708045e-02 -2.29445029e-02  1.24223143e-01  9.62454562e-01  8.85351642e-01  9.70572958e-01  9.92133855e-01
  0.9100  1.62401107e-01  2.57387696e+00  2.90556772e-01 -5.27280708e-02 -2.30120258e-02  1.24336920e-01  9.66327185e-01  8.96527036e-01  9.73429239e-01  9.93042558e-01
  0.9200  1.61891679e-01  2.58231676e+00  2.91712920e-01 -5.33893112e-02 -2.30800699e-02  1.24447113e-01  9.70172275e-01  9.07770003e-01  9.76307565e-01  9.93922638e-01
  0.9300  1.61389331e-01  2.59069790e+00  2.92860942e-01 -5.40544511e-02 -2.31486085e-02  1.24553795e-01  9.73990341e-01  9.19079271e-01  9.79206810e-01  9.94774681e-01
  0.9400  1.60893889e-01  2.59902151e+00  2.94000986e-01 -5.47234174e-02 -2.32176159e-02  1.24657039e-01  9.77781876e-01  9.30453599e-01  9.82125884e-01  9.95599258e-01
  0.9500  1.60405180e-01  2.60728865e+00  2.95133199e-01 -5.53961390e-02 -2.32870672e-02  1.24756913e-01  9.81547363e-01  9.41891777e-01  9.85063733e-01  9.96396925e-01
  0.9600  1.59923040e-01  2.61550040e+00  2.96257720e-01 -5.60725463e-02 -2.33569381e-02  1.24853486e-01  9.85287269e-01  9.53392624e-01  9.88019335e-01  9.97168221e-01
  0.9700  1.59447311e-01  2.62365777e+00  2.97374685e-01 -5.67525714e-02 -2.34272054e-02  1.24946822e-01  9.89002049e-01  9.64954984e-01  9.90991704e-01  9.97913671e-01
  0.9800  1.58977840e-01  2.63176175e+00  2.98484229e-01 -5.74361481e-02 -2.34978464e-02  1.25036987e-01  9.92692145e-01  9.76577730e-01  9.93979883e-01  9.98633789e-01
  0.9900  1.58514477e-01  2.63981332e+00  2.99586481e-01 -5.81232116e-02 -2.35688393e-02  1.25124042e-01  9.96357989e-01  9.88259761e-01  9.96982947e-01  9.99329070e-01
  1.0000  1.58057081e-01  2.64781339e+00  3.00681567e-01 -5.88136984e-02 -2.36401629e-02  1.25208047e-01  1.00000000e+00  1.00000000e+00  1.00000000e+00  1.00000000e+00
